Vcoarse	Vfine	Fout[0, ::]
-1.00000000000000000E0	-1.00000000000000000E0	5.88123127500706122E10
-1.00000000000000000E0	-7.50000000000000000E-1	5.88162097190447408E10
-1.00000000000000000E0	-5.00000000000000000E-1	5.88213695529501557E10
-1.00000000000000000E0	-2.50000000000000000E-1	5.88283796911064627E10
-1.00000000000000000E0	0.00000000000000000E0	5.88378523731842851E10
-1.00000000000000000E0	2.50000000000000000E-1	5.88517457530877408E10
-1.00000000000000000E0	5.00000000000000000E-1	5.88738376093476745E10
-1.00000000000000000E0	7.50000000000000000E-1	5.89114823095573215E10
-1.00000000000000000E0	1.00000000000000000E0	5.89754930540168054E10
-1.00000000000000000E0	1.25000000000000000E0	5.90733306766024047E10
-1.00000000000000000E0	1.50000000000000000E0	5.91677293364609103E10
-1.00000000000000000E0	1.75000000000000000E0	5.92311580290227635E10
-1.00000000000000000E0	2.00000000000000000E0	5.92742156161296130E10
-1.00000000000000000E0	2.25000000000000000E0	5.93055083349055501E10
-1.00000000000000000E0	2.50000000000000000E0	5.93296522422062811E10
-1.00000000000000000E0	2.75000000000000000E0	5.93482700405633246E10
-1.00000000000000000E0	3.00000000000000000E0	5.93570471996829152E10
-1.00000000000000000E0	3.25000000000000000E0	5.93588422784020331E10
-1.00000000000000000E0	3.50000000000000000E0	5.93592104013364530E10
-1.00000000000000000E0	3.75000000000000000E0	5.93592419915624614E10
-1.00000000000000000E0	4.00000000000000000E0	5.93591949259391427E10

Vcoarse	Vfine	Fout[1, ::]
-5.00000000000000000E-1	-1.00000000000000000E0	5.88486141596830770E10
-5.00000000000000000E-1	-7.50000000000000000E-1	5.88525677912272727E10
-5.00000000000000000E-1	-5.00000000000000000E-1	5.88577934851418405E10
-5.00000000000000000E-1	-2.50000000000000000E-1	5.88649607869824987E10
-5.00000000000000000E-1	0.00000000000000000E0	5.88746432258928820E10
-5.00000000000000000E-1	2.50000000000000000E-1	5.88888254807450018E10
-5.00000000000000000E-1	5.00000000000000000E-1	5.89113241614767080E10
-5.00000000000000000E-1	7.50000000000000000E-1	5.89494984007744360E10
-5.00000000000000000E-1	1.00000000000000000E0	5.90140570797403097E10
-5.00000000000000000E-1	1.25000000000000000E0	5.91122141895797348E10
-5.00000000000000000E-1	1.50000000000000000E0	5.92082034431188386E10
-5.00000000000000000E-1	1.75000000000000000E0	5.92737983988268979E10
-5.00000000000000000E-1	2.00000000000000000E0	5.93175348132669278E10
-5.00000000000000000E-1	2.25000000000000000E0	5.93493830635818398E10
-5.00000000000000000E-1	2.50000000000000000E0	5.93739835527806115E10
-5.00000000000000000E-1	2.75000000000000000E0	5.93929375856870134E10
-5.00000000000000000E-1	3.00000000000000000E0	5.94018824674123369E10
-5.00000000000000000E-1	3.25000000000000000E0	5.94037159143963223E10
-5.00000000000000000E-1	3.50000000000000000E0	5.94040912301906410E10
-5.00000000000000000E-1	3.75000000000000000E0	5.94041236153455188E10
-5.00000000000000000E-1	4.00000000000000000E0	5.94040750983964472E10

Vcoarse	Vfine	Fout[2, ::]
0.00000000000000000E0	-1.00000000000000000E0	5.89143905477971419E10
0.00000000000000000E0	-7.50000000000000000E-1	5.89184884214038629E10
0.00000000000000000E0	-5.00000000000000000E-1	5.89238767004497799E10
0.00000000000000000E0	-2.50000000000000000E-1	5.89312298774403498E10
0.00000000000000000E0	0.00000000000000000E0	5.89411606741006011E10
0.00000000000000000E0	2.50000000000000000E-1	5.89556707897173560E10
0.00000000000000000E0	5.00000000000000000E-1	5.89786006952140518E10
0.00000000000000000E0	7.50000000000000000E-1	5.90173051910145041E10
0.00000000000000000E0	1.00000000000000000E0	5.90823401789789049E10
0.00000000000000000E0	1.25000000000000000E0	5.91811764269169238E10
0.00000000000000000E0	1.50000000000000000E0	5.92826465060893870E10
0.00000000000000000E0	1.75000000000000000E0	5.93501991860652378E10
0.00000000000000000E0	2.00000000000000000E0	5.93953226927350109E10
0.00000000000000000E0	2.25000000000000000E0	5.94280826510791549E10
0.00000000000000000E0	2.50000000000000000E0	5.94532043400176935E10
0.00000000000000000E0	2.75000000000000000E0	5.94724121840484976E10
0.00000000000000000E0	3.00000000000000000E0	5.94814733095180159E10
0.00000000000000000E0	3.25000000000000000E0	5.94833375465013781E10
0.00000000000000000E0	3.50000000000000000E0	5.94837176888752417E10
0.00000000000000000E0	3.75000000000000000E0	5.94837508003827420E10
0.00000000000000000E0	4.00000000000000000E0	5.94837006844731331E10

Vcoarse	Vfine	Fout[3, ::]
5.00000000000000000E-1	-1.00000000000000000E0	5.90611951985416717E10
5.00000000000000000E-1	-7.50000000000000000E-1	5.90654217977649942E10
5.00000000000000000E-1	-5.00000000000000000E-1	5.90709471978385192E10
5.00000000000000000E-1	-2.50000000000000000E-1	5.90784319496878219E10
5.00000000000000000E-1	0.00000000000000000E0	5.90885345516009686E10
5.00000000000000000E-1	2.50000000000000000E-1	5.91032619761802458E10
5.00000000000000000E-1	5.00000000000000000E-1	5.91264607385848429E10
5.00000000000000000E-1	7.50000000000000000E-1	5.91656124687830243E10
5.00000000000000000E-1	1.00000000000000000E0	5.92339781816780242E10
5.00000000000000000E-1	1.25000000000000000E0	5.93422278479071874E10
5.00000000000000000E-1	1.50000000000000000E0	5.94504555276122559E10
5.00000000000000000E-1	1.75000000000000000E0	5.95207142633523301E10
5.00000000000000000E-1	2.00000000000000000E0	5.95664637389578466E10
5.00000000000000000E-1	2.25000000000000000E0	5.95992118660407311E10
5.00000000000000000E-1	2.50000000000000000E0	5.96241797027139686E10
5.00000000000000000E-1	2.75000000000000000E0	5.96432235934304344E10
5.00000000000000000E-1	3.00000000000000000E0	5.96522944177773073E10
5.00000000000000000E-1	3.25000000000000000E0	5.96541846471197523E10
5.00000000000000000E-1	3.50000000000000000E0	5.96545672747573263E10
5.00000000000000000E-1	3.75000000000000000E0	5.96546009883916017E10
5.00000000000000000E-1	4.00000000000000000E0	5.96545518905078698E10

Vcoarse	Vfine	Fout[4, ::]
1.00000000000000000E0	-1.00000000000000000E0	5.94985703342123706E10
1.00000000000000000E0	-7.50000000000000000E-1	5.95034853336977676E10
1.00000000000000000E0	-5.00000000000000000E-1	5.95098623628663859E10
1.00000000000000000E0	-2.50000000000000000E-1	5.95184262377062101E10
1.00000000000000000E0	0.00000000000000000E0	5.95299487222593093E10
1.00000000000000000E0	2.50000000000000000E-1	5.95467278148665891E10
1.00000000000000000E0	5.00000000000000000E-1	5.95730945922241695E10
1.00000000000000000E0	7.50000000000000000E-1	5.96172546586633878E10
1.00000000000000000E0	1.00000000000000000E0	5.96911966712693243E10
1.00000000000000000E0	1.25000000000000000E0	5.98065433455816908E10
1.00000000000000000E0	1.50000000000000000E0	5.99260589029030832E10
1.00000000000000000E0	1.75000000000000000E0	6.00071684798898985E10
1.00000000000000000E0	2.00000000000000000E0	6.00598618994507838E10
1.00000000000000000E0	2.25000000000000000E0	6.00973843208840464E10
1.00000000000000000E0	2.50000000000000000E0	6.01258923379614352E10
1.00000000000000000E0	2.75000000000000000E0	6.01474965669334516E10
1.00000000000000000E0	3.00000000000000000E0	6.01580377033856362E10
1.00000000000000000E0	3.25000000000000000E0	6.01603191846405583E10
1.00000000000000000E0	3.50000000000000000E0	6.01607746646447250E10
1.00000000000000000E0	3.75000000000000000E0	6.01608193901877097E10
1.00000000000000000E0	4.00000000000000000E0	6.01607536971740586E10

Vcoarse	Vfine	Fout[5, ::]
1.50000000000000000E0	-1.00000000000000000E0	6.04727071817024431E10
1.50000000000000000E0	-7.50000000000000000E-1	6.04795961622996625E10
1.50000000000000000E0	-5.00000000000000000E-1	6.04884071751904884E10
1.50000000000000000E0	-2.50000000000000000E-1	6.05001600864920519E10
1.50000000000000000E0	0.00000000000000000E0	6.05159872629456785E10
1.50000000000000000E0	2.50000000000000000E-1	6.05388948945146232E10
1.50000000000000000E0	5.00000000000000000E-1	6.05745408142685182E10
1.50000000000000000E0	7.50000000000000000E-1	6.06335300946213174E10
1.50000000000000000E0	1.00000000000000000E0	6.07316170245543763E10
1.50000000000000000E0	1.25000000000000000E0	6.08884495738349596E10
1.50000000000000000E0	1.50000000000000000E0	6.10588660221464696E10
1.50000000000000000E0	1.75000000000000000E0	6.11657313109774492E10
1.50000000000000000E0	2.00000000000000000E0	6.12338648504771044E10
1.50000000000000000E0	2.25000000000000000E0	6.12829615258228966E10
1.50000000000000000E0	2.50000000000000000E0	6.13211517745113266E10
1.50000000000000000E0	2.75000000000000000E0	6.13505655417877005E10
1.50000000000000000E0	3.00000000000000000E0	6.13659547601099131E10
1.50000000000000000E0	3.25000000000000000E0	6.13696303746357152E10
1.50000000000000000E0	3.50000000000000000E0	6.13703454359656142E10
1.50000000000000000E0	3.75000000000000000E0	6.13704295861140281E10
1.50000000000000000E0	4.00000000000000000E0	6.13703623234149109E10

Vcoarse	Vfine	Fout[6, ::]
2.00000000000000000E0	-1.00000000000000000E0	6.11356491549207171E10
2.00000000000000000E0	-7.50000000000000000E-1	6.11432246268008495E10
2.00000000000000000E0	-5.00000000000000000E-1	6.11528963857783658E10
2.00000000000000000E0	-2.50000000000000000E-1	6.11657590637118354E10
2.00000000000000000E0	0.00000000000000000E0	6.11832078082440933E10
2.00000000000000000E0	2.50000000000000000E-1	6.12086736395430453E10
2.00000000000000000E0	5.00000000000000000E-1	6.12489359369784747E10
2.00000000000000000E0	7.50000000000000000E-1	6.13180113002715821E10
2.00000000000000000E0	1.00000000000000000E0	6.14436566415514029E10
2.00000000000000000E0	1.25000000000000000E0	6.16400056158382181E10
2.00000000000000000E0	1.50000000000000000E0	6.18226225642875082E10
2.00000000000000000E0	1.75000000000000000E0	6.19545693303213518E10
2.00000000000000000E0	2.00000000000000000E0	6.20473420093942885E10
2.00000000000000000E0	2.25000000000000000E0	6.21107421411355709E10
2.00000000000000000E0	2.50000000000000000E0	6.21571112331839526E10
2.00000000000000000E0	2.75000000000000000E0	6.21909394882824440E10
2.00000000000000000E0	3.00000000000000000E0	6.22086110156374961E10
2.00000000000000000E0	3.25000000000000000E0	6.22130632506984949E10
2.00000000000000000E0	3.50000000000000000E0	6.22139108024734711E10
2.00000000000000000E0	3.75000000000000000E0	6.22140181812125537E10
2.00000000000000000E0	4.00000000000000000E0	6.22139444644410311E10

Vcoarse	Vfine	Fout[7, ::]
2.50000000000000000E0	-1.00000000000000000E0	6.15035797861280376E10
2.50000000000000000E0	-7.50000000000000000E-1	6.15127301328356957E10
2.50000000000000000E0	-5.00000000000000000E-1	6.15243533020613409E10
2.50000000000000000E0	-2.50000000000000000E-1	6.15396924128532596E10
2.50000000000000000E0	0.00000000000000000E0	6.15603218417887454E10
2.50000000000000000E0	2.50000000000000000E-1	6.15899694552123300E10
2.50000000000000000E0	5.00000000000000000E-1	6.16357193470486031E10
2.50000000000000000E0	7.50000000000000000E-1	6.17108906363843790E10
2.50000000000000000E0	1.00000000000000000E0	6.18374916151273091E10
2.50000000000000000E0	1.25000000000000000E0	6.20525930394334946E10
2.50000000000000000E0	1.50000000000000000E0	6.22567688613145087E10
2.50000000000000000E0	1.75000000000000000E0	6.23922844267463894E10
2.50000000000000000E0	2.00000000000000000E0	6.24902530195532790E10
2.50000000000000000E0	2.25000000000000000E0	6.25628468042120112E10
2.50000000000000000E0	2.50000000000000000E0	6.26158223738063402E10
2.50000000000000000E0	2.75000000000000000E0	6.26536572275990800E10
2.50000000000000000E0	3.00000000000000000E0	6.26735230399983934E10
2.50000000000000000E0	3.25000000000000000E0	6.26787051450083599E10
2.50000000000000000E0	3.50000000000000000E0	6.26796799332324639E10
2.50000000000000000E0	3.75000000000000000E0	6.26798087281711780E10
2.50000000000000000E0	4.00000000000000000E0	6.26797251223399776E10

Vcoarse	Vfine	Fout[8, ::]
3.00000000000000000E0	-1.00000000000000000E0	6.16952466286420709E10
3.00000000000000000E0	-7.50000000000000000E-1	6.17036857027138019E10
3.00000000000000000E0	-5.00000000000000000E-1	6.17144439512061727E10
3.00000000000000000E0	-2.50000000000000000E-1	6.17287472734484499E10
3.00000000000000000E0	0.00000000000000000E0	6.17482512000612438E10
3.00000000000000000E0	2.50000000000000000E-1	6.17769046783679165E10
3.00000000000000000E0	5.00000000000000000E-1	6.18228252568568859E10
3.00000000000000000E0	7.50000000000000000E-1	6.19040680944993049E10
3.00000000000000000E0	1.00000000000000000E0	6.20534992746593606E10
3.00000000000000000E0	1.25000000000000000E0	6.22616473131044312E10
3.00000000000000000E0	1.50000000000000000E0	6.24767310202916981E10
3.00000000000000000E0	1.75000000000000000E0	6.26330219421794610E10
3.00000000000000000E0	2.00000000000000000E0	6.27267144644785013E10
3.00000000000000000E0	2.25000000000000000E0	6.27918926247560716E10
3.00000000000000000E0	2.50000000000000000E0	6.28419452465426698E10
3.00000000000000000E0	2.75000000000000000E0	6.28798815495538488E10
3.00000000000000000E0	3.00000000000000000E0	6.29008378705993554E10
3.00000000000000000E0	3.25000000000000000E0	6.29065181188189637E10
3.00000000000000000E0	3.50000000000000000E0	6.29075871810492693E10
3.00000000000000000E0	3.75000000000000000E0	6.29077310472386930E10
3.00000000000000000E0	4.00000000000000000E0	6.29076325270398407E10

Vcoarse	Vfine	Fout[9, ::]
3.50000000000000000E0	-1.00000000000000000E0	6.17130213301515518E10
3.50000000000000000E0	-7.50000000000000000E-1	6.17214756260452990E10
3.50000000000000000E0	-5.00000000000000000E-1	6.17322591958567823E10
3.50000000000000000E0	-2.50000000000000000E-1	6.17466167036567448E10
3.50000000000000000E0	0.00000000000000000E0	6.17662390633871627E10
3.50000000000000000E0	2.50000000000000000E-1	6.17951715578907201E10
3.50000000000000000E0	5.00000000000000000E-1	6.18418170368722553E10
3.50000000000000000E0	7.50000000000000000E-1	6.19251076258737321E10
3.50000000000000000E0	1.00000000000000000E0	6.20755235359505164E10
3.50000000000000000E0	1.25000000000000000E0	6.22826810682461929E10
3.50000000000000000E0	1.50000000000000000E0	6.25029280397809295E10
3.50000000000000000E0	1.75000000000000000E0	6.26577785240738194E10
3.50000000000000000E0	2.00000000000000000E0	6.27509308302388913E10
3.50000000000000000E0	2.25000000000000000E0	6.28165039406094472E10
3.50000000000000000E0	2.50000000000000000E0	6.28674790575349451E10
3.50000000000000000E0	2.75000000000000000E0	6.29064736749276854E10
3.50000000000000000E0	3.00000000000000000E0	6.29281570822736480E10
3.50000000000000000E0	3.25000000000000000E0	6.29340623729466397E10
3.50000000000000000E0	3.50000000000000000E0	6.29351733586187834E10
3.50000000000000000E0	3.75000000000000000E0	6.29353233864198724E10
3.50000000000000000E0	4.00000000000000000E0	6.29352459509263795E10

Vcoarse	Vfine	Fout[10, ::]
4.00000000000000000E0	-1.00000000000000000E0	6.17128869523288959E10
4.00000000000000000E0	-7.50000000000000000E-1	6.17213432977131760E10
4.00000000000000000E0	-5.00000000000000000E-1	6.17321281656250598E10
4.00000000000000000E0	-2.50000000000000000E-1	6.17464867725326361E10
4.00000000000000000E0	0.00000000000000000E0	6.17661108385124002E10
4.00000000000000000E0	2.50000000000000000E-1	6.17950449622711773E10
4.00000000000000000E0	5.00000000000000000E-1	6.18416915629240727E10
4.00000000000000000E0	7.50000000000000000E-1	6.19249825491804362E10
4.00000000000000000E0	1.00000000000000000E0	6.20754179980445553E10
4.00000000000000000E0	1.25000000000000000E0	6.22826059442178526E10
4.00000000000000000E0	1.50000000000000000E0	6.25028746544526292E10
4.00000000000000000E0	1.75000000000000000E0	6.26577521442171381E10
4.00000000000000000E0	2.00000000000000000E0	6.27509172780602675E10
4.00000000000000000E0	2.25000000000000000E0	6.28164987573489952E10
4.00000000000000000E0	2.50000000000000000E0	6.28674808567136356E10
4.00000000000000000E0	2.75000000000000000E0	6.29064815140308031E10
4.00000000000000000E0	3.00000000000000000E0	6.29281690073530431E10
4.00000000000000000E0	3.25000000000000000E0	6.29340749191745186E10
4.00000000000000000E0	3.50000000000000000E0	6.29351861419999992E10
4.00000000000000000E0	3.75000000000000000E0	6.29353362783992143E10
4.00000000000000000E0	4.00000000000000000E0	6.29352667673930011E10


