delay Mean(distanceLineNet) Mean(distanceNonLinNet) Δd STD(distanceLinNet) STD(distanceNonLinNet) OmegaLin OmegaNonlin Mean(distanceLineNet)/OmegaLin Mean(distanceNonLinNet)/OmegaNonlin
v=32

4.236e-09 4050229.585935735 4050226.660682072 2.925253663212061 2953984.1579009085 2953936.1187858167 761114129.8312756 761114422.3566419 0.005321448423029005 0.00532144253441071
4.336e-09 4162608.14648771 4093045.024273506 69563.12221420417 2943871.2324326746 2908277.55156537 756739381.2306415 757141773.0866994 0.005500715635703142 0.005405916262666459
4.436e-09 4031541.3706275965 3941444.838807285 90096.53182031168 3108755.5165663953 2980744.70115218 752515486.0300293 753016394.0373857 0.005357419807925012 0.005234208537844397
4.636e-09 26131547.54720247 25655877.198786024 475670.34841644764 6304175.702971218 6304175.702971218 744067695.6288048 744543365.9772213 0.035119852267096394 0.03445853978580873
4.736e-09 26197997.00704424 25623523.670486737 574473.3365575038 5175732.5445114905 5175732.5445114905 740700906.3718511 741275379.7084086 0.035369197987577684 0.03456680792577533
4.836e-09 14827244.862428555 13680172.587878058 1147072.2745504975 5419449.2235977715 5362064.136934495 749450403.5731192 750620885.4859258 0.019784157552971353 0.01822514248190948
4.936e-09 4024941.2236512667 3979156.574996176 45784.64865509048 3117680.3370267623 3053257.8313902896 758652460.9744529 759033999.7132453 0.005305382148871464 0.00524239569834745
5.036e-09 10201848.003585642 8976356.224598322 1225491.7789873201 4604595.877029382 4547221.716361788 767854518.3757867 766587937.6556122 0.01328617304377556 0.011709493175759998
5.236e-09 5126037.913516084 4582906.2074768515 543131.7060392322 3478024.245445871 3398527.594112763 774123115.4221799 772656932.411573 0.006621734723320489 0.005931359721542838
5.336e-09 4417467.417154805 4075854.447003152 341612.9701516526 3641162.985103622 3513057.7226332636 769899220.2215676 768943597.1973453 0.005737721640870751 0.005300589616532181
5.436e-09 4341148.648945705 4377622.187616188 -36473.538670483045 3188234.8247991214 3092508.7571398905 765826178.4209774 765370259.1875963 0.005668582207383567 0.00571961365766005
5.536e-09 4128373.192414212 4136099.9071645676 -7726.714750355575 2921709.7642881083 2926767.2191520757 761753136.6203871 761682893.7590202 0.005419568353509189 0.00543021241655079
5.636e-09 4779476.01355795 4762742.842455652 16733.171102298424 3826211.863929939 3753454.741317702 757680094.8197967 757869833.9078788 0.0063080395621250675 0.006284381076229215
5.736e-09 4916886.278295341 4704570.911773974 212315.36652136687 3496858.7582753384 3405558.436251962 753607053.0192064 754061018.0151647 0.006524469560889353 0.006238979073811984
5.936e-09 26102516.003960524 25562129.953568727 540386.050391797 6501834.853218086 6501834.853218086 745762676.2180696 746303062.2684613 0.03500110267831082 0.03425167501774698
6.036e-09 25682707.764613327 25342997.693052348 339710.0715609789 5567488.992904208 5567488.992904208 741840487.817501 742180197.8890619 0.03462025622269823 0.0341466907432102
6.136e-09 18710758.581760567 17393964.319639128 1316794.262121439 5144712.544835482 5144712.544835482 745945182.1835923 747261976.4457138 0.02508328899851446 0.023276929467724288
6.236e-09 6080709.198507263 5640414.786950448 440294.4115568157 4467388.964645851 4301464.520162108 756655773.5851445 757343300.3826976 0.008036295249154028 0.007447632776443994
6.336e-09 9597640.666849399 8243897.474776723 1353743.1920726756 5011977.248782416 4813362.809989172 767668071.7867408 766172217.8766279 0.012502331436698903 0.010759849133689403
6.636e-09 4627760.347154235 4676097.491515225 -48337.14436099026 3705382.010189352 3877564.982268713 769934813.4105918 768973253.2991416 0.006010587216669129 0.0060809624670991715
6.736e-09 4389229.851253536 4478343.10111621 -89113.24986267462 3487879.2783336383 3450058.3532246468 766012625.0100235 765530316.402623 0.005729970640100222 0.005849987917083182




mean_distanceLinear= 10310889.02975934

mean_distanceNonLinear= 9903687.814505586

mean(Δd)= 407201.2152537536

mean_distanceLinear/FreqLinear= 0.013728966445580658

mean_distanceNonLinear/FreqNonLinear= 0.013184895689897466

mean(Δdnormalised)= 0.000544070755683192

mean_distanceLinear/mean_distanceNonLinear= 1.0412646992801065

0.67 of the measurements are closer to the nonlinear function         
         
         
v=128



4.236e-09 1461452.0841945652 1393688.4629794005 67763.62121516466 193236.06708434128 193236.06708434128 190861854.4229493 190794090.80173415 0.00765711979805033 0.007304673101368049
4.536e-09 3635853.026497485 3404870.4535405654 230982.57295691967 185150.20576806308 185150.20576806308 192031118.30377004 191800135.73081312 0.01893366584860483 0.017752179583017707
4.876e-09 5878089.359299106 5385194.1489400985 492895.2103590071 280998.36589273805 280998.36589273805 193388973.13311026 192896077.92275125 0.03039516299232427 0.027917592762548016
5.0359999999999996e-09 6881819.083883214 6228323.0472634025 653496.0366198113 327515.09040019376 327515.0904001938 194067900.54778036 193414404.51116055 0.035460882837699784 0.032201960670948944
5.136e-09 7735621.60613685 7035758.662374786 699862.943762064 192990.82003587112 192990.82003587112 194445082.4448193 193745219.50105724 0.039783066297560433 0.03631448910323381
5.236e-09 6452360.944583044 5859236.690437988 593124.254145056 211471.87611935232 211471.87611935232 194217203.84784564 193624079.5937006 0.033222396454837114 0.03026088853583175
5.336e-09 906910.1258404576 409178.33649633406 497731.78934412356 292519.4564131142 252786.1269662188 193877740.14051056 193352615.43170992 0.00467774240190331 0.002116228609490165
5.436e-09 837960.3558574335 403236.62322504027 434723.73263239325 286772.37044331885 250694.89884747606 193538276.43317553 193078746.14241388 0.004329688014694926 0.0020884568150635026
5.5159999999999996e-09 817145.8775472563 429842.76687812357 387303.11066913273 276591.2483589063 243985.45741034375 193274249.10524827 192864032.33318138 0.004227908691044901 0.0022287347292187206
5.636e-09 604587.5316572076 311483.48656689376 293104.0450903139 267135.2143555513 220702.79824720763 192859349.01850542 192523528.86088014 0.0031348624514915048 0.001617898281887278
5.935999999999999e-09 230334.88934539974 250430.07430616944 -20095.184960769693 191662.41706659904 184575.8878494376 191878676.08620417 191702956.52014858 0.0012004194214990235 0.0013063443509273602
6.196e-09 250757.64200824648 303460.7258171332 -52703.08380888673 190611.87991873297 213789.80533988267 191048875.91271845 190957390.24831042 0.001312531365653291 0.0015891541323565937
6.436e-09 483378.56923211185 481179.4884912756 2199.0807408362743 262168.0234339141 261870.2611767515 190256793.9289367 190259210.50117937 0.002540663906134463 0.002529073295446545
6.586e-09 8526188.71019012 8522258.812147247 3929.898042872548 24178715.963301204 24175289.64205206 189804175.65248993 189818082.9483458 0.04492097542574938 0.04489698072899811
6.796e-09 223055.4630057326 192646.91803809762 30408.54496763498 178237.37836241143 151548.84818695812 189125248.23781982 189230266.19488755 0.0011794060554265419 0.0010180555252175742
7.036e-09 327969.88698570477 263927.3978914593 64042.48909424548 231894.6207062957 206122.08504095345 188370884.44374195 188485830.41433322 0.0017410858793501863 0.0014002506040442877
7.236e-09 745046.4225316651 574376.1977321579 170670.22479950718 257712.6988561963 251384.23933467106 187729675.21877575 187904037.74218705 0.003968719498733514 0.00305675282252438
7.336e-09 525041.9123012326 406775.44761970046 118266.46468153212 282231.6722612698 253487.16633488706 187427929.70114458 187570861.1335131 0.0028013002818652287 0.002168649464855617
7.436e-09 406799.0602626355 304317.8311324944 102481.22913014115 253350.53141448158 220398.39435653723 187126184.18351343 187270951.41148084 0.002173929116535024 0.001625013537010513
7.636e-09 512193.2339598119 380022.9000371218 132170.33392269013 305544.9179753119 258905.84487758085 186484974.95854723 186659993.3866863 0.002746565690204611 0.0020359097476761578
7.836e-09 6598138.085143612 6486129.606109605 112008.4790340066 260395.3374885459 260395.3374885459 185881483.9232849 185993492.4023189 0.03549647843282082 0.03487288464953164
7.936e-09 6814126.904906754 6720635.490211313 93491.41469544172 269855.0951220438 269855.0951220438 185579738.40565374 185673229.8203492 0.03671805426307875 0.036196039120523514
8.136e-09 6953070.937896866 6814037.802393813 139033.13550305367 253351.2484584481 253351.2484584481 185122220.81931248 185261253.95481554 0.03755935352938194 0.03678069567668871
8.236e-09 6376037.758254519 6204882.337207606 171155.42104691267 261018.43340252183 261018.43340252183 185537120.90605533 185708276.32710224 0.03436529427166737 0.033411986045675586
8.436e-09 5262816.199686302 5052239.858763797 210576.34092250466 256765.46312565007 256765.46312565007 186366921.079541 186577497.4204635 0.028239003838240927 0.027078505868144826
8.536e-09 4007582.1199470423 3788446.03513461 219136.08481243253 243181.14208933304 243181.14208933304 186819539.35598776 187038675.4408002 0.021451621890098593 0.020254880581282213
8.716e-09 2778144.4392078198 2563380.6271446324 214763.81206318736 251571.29952095263 251571.29952095263 187573903.15006563 187788666.96212882 0.014810932611372958 0.013650347854386694
9.036e-09 1207932.7611910496 1054183.455065379 153749.30612567067 263017.6407314174 263017.6407314174 188931757.97940585 189085507.28553152 0.006393487119951099 0.005575167923755747
9.236e-09 206078.29410574288 231868.00005574911 -25789.70595000623 140617.9885059977 156513.43494781107 189799276.34259543 189847829.91146788 0.001085769651375083 0.001221336057219493
9.356e-09 1183813.0564051315 1178576.5081447705 5236.548260360956 228940.13865955957 228940.13865955957 190327330.99844998 190322094.45018962 0.006219879458167637 0.006192536455367893
9.536e-09 2803461.725196936 2702786.719950118 100675.00524681807 235789.4786956417 235789.4786956417 191119412.98223174 191018737.97698492 0.014668639263022289 0.014149327697242801
9.736e-09 4219821.713245826 3925961.4903507996 293860.2228950262 221021.833846506 221021.833846506 192024649.53512523 191730789.3122302 0.021975416819984533 0.020476426892278844
9.996e-09 5885233.9826117465 5366075.9899264 519157.99268534686 212048.9985234936 212048.9985234936 193193913.41594595 192674755.4232606 0.03046283331887819 0.02785043623456746
1.0236e-08 6655217.313079843 5935137.042950014 720080.2701298296 228206.18424396345 228206.18424396345 194250022.727655 193529942.45752516 0.03426108898020918 0.030667797280271622
1.0436e-08 1548436.9632083362 1052375.15108921 496061.8121191261 289133.7822196785 289133.7822196785 194035081.667971 193539019.85585186 0.00798019074642384 0.0054375347765686765
1.0636e-08 1166644.1568145186 759904.5486923881 406739.6081221305 314773.1295801126 309802.02449528925 193431590.63270867 193022805.3640779 0.006031301055833032 0.003936864078102393
1.0836e-08 839546.8691440522 547810.8842012854 291735.9849427667 299743.2959090361 285813.02338386833 192828099.59744635 192528867.27164054 0.004353861656556876 0.002845344139631667
1.1036e-08 440602.2330948274 305144.27895883843 135457.95413598896 252041.75443088295 210540.62202267372 192224608.56218407 191995014.4460188 0.0022921218900664006 0.0015893343889126488
1.1236e-08 238971.47601471722 217572.16287034334 21399.313144373882 176167.05353448074 165844.6120746746 191621117.52692172 191483602.15184516 0.0012471040723428775 0.0011362443594402937
1.1276e-08 550191.9641806415 445889.7224712709 104302.24170937057 295283.07352808263 276612.024663158 191507962.95781004 191386706.47709334 0.00287294562420807 0.0023297841876214033
1.1436e-08 17094280.284940172 17069602.531118926 24677.753821246326 33270568.640575133 33310125.19806383 191017626.4916594 190963021.78218088 0.08949059099363575 0.08938695236289837
1.1636e-08 517158.99651846796 500549.1297263825 16609.866792085464 306535.91219800187 303339.58543465595 190451853.646101 190432761.84519055 0.00271543167796863 0.0026284822258330546
1.1916e-08 264759.51312846184 277339.71510990354 -12580.2019814417 191404.7270356038 199736.400331503 189622053.4726153 189652416.88303423 0.0013962485284798251 0.0014623579265058844
1.2136e-08 256040.8578900081 252053.24889348983 3987.6089965182764 193226.79934372494 190753.85153759085 188980844.2476491 189060942.29956296 0.0013548508522614096 0.0013331851932384688
1.2336e-08 220099.26386599973 267662.16838955745 -47562.90452355772 159290.73512194867 179027.8195820742 188377353.2123868 188527918.87040842 0.0011683955640774289 0.001419748173073214
1.2556e-08 262674.7020898382 300275.38420627936 -37600.68211644114 213471.4583857541 227880.12292304644 187736143.9874206 187910344.3881761 0.001399169581897021 0.0015979715495916763
1.2736e-08 309548.79007366986 278492.0884028703 31056.70167079958 245618.08279799856 215094.0307242662 187245807.52126995 187390278.2688695 0.0016531680691355777 0.0014861608135470453
1.2936e-08 6225570.956756706 6084848.422720904 140722.5340358019 271089.3166159764 271089.3166159764 186680034.67571154 186820757.20974734 0.03334888472445039 0.03257051579064807
1.3196e-08 6818550.10504589 6704194.84155566 114355.26349023078 304710.7343043814 304710.7343043814 185925670.8816336 186040026.14512384 0.03667352696759558 0.036036303479800275
1.3336e-08 6867807.834083427 6776486.722651023 91321.11143240333 259485.79140581682 259485.79140581682 185548488.98459467 185639810.09602708 0.03701354762664563 0.0365034133526947
1.3436e-08 7090688.423777399 6981931.548019108 108756.87575829029 271702.0411097773 271702.0411097773 185246743.4669635 185355500.3427218 0.03827699365220926 0.03766778722568004
1.3536e-08 6966709.494809756 6828246.528516152 138462.9662936041 246074.74492825533 246074.74492825533 185115752.05066764 185254215.01696125 0.037634341851702134 0.03685879173054703
1.3636e-08 6117698.134255016 5942032.921130652 175665.2131243646 275653.91636177344 275653.91636177344 185606088.51681828 185781753.72994265 0.0329606543790759 0.03198394245846204
1.3835999999999999e-08 4731274.553391373 4477732.100484645 253542.4529067278 294462.93548447115 294462.93548447115 186549043.25941563 186802585.71232235 0.02536209497902409 0.02397039678765685
1.4036e-08 3193958.499823341 2978325.7006663177 215632.79915702343 272745.8320393246 272745.8320393246 187529716.1917169 187745348.99087393 0.017031746033029066 0.01586364571306153


mean_distanceLinear= 3274822.82089282

mean_distanceNonLinear= 3083873.077003624

mean(Δd)= 190949.7438891963

mean_distanceLinear/FreqLinear= 0.01731587484371329

mean_distanceNonLinear/FreqNonLinear= 0.016324589371856678

mean(Δdnormalised)= 0.0009912854718566108

mean_distanceLinear/mean_distanceNonLinear= 1.0607234552291753

0.82 of the measurements are closer to the nonlinear function


v=512

4.236e-09 65049.03085906694 76379.86128776961 -11330.830428702677 33550.91096948967 34307.471172671954 47673130.05707465 47661354.90696185 0.0013644799655736831 0.001602553293687689
4.876e-09 76907.18531400479 72934.56106466928 3972.6242493355094 31918.074608873096 31717.95798159075 47531379.8794679 47535449.760052875 0.0016180297207661406 0.0015343193644495802
5.5159999999999996e-09 88668.57832230523 71252.69539593575 17415.88292636948 32235.871770095328 31866.11491378316 47389629.70186114 47407212.858512275 0.0018710544665602848 0.0015029927114380414
6.196e-09 78798.07034198519 59756.6096549033 19041.46068708189 31429.304728096027 30032.06866803877 47247879.5242544 47267704.86137901 0.0016677588737402428 0.0012642164418634294
6.796e-09 93568.53113064938 57725.09938616318 35843.4317444862 32456.47970526952 31121.384612020756 47115579.3584881 47152164.44921651 0.0019859361256860477 0.0012242301082134599
7.4359999999999996e-09 84364.75166597366 44882.332369770586 39482.41929620307 33331.766434492216 29379.48566250197 46973829.180881344 47016259.723814785 0.0017959947727725519 0.0009546129920461683
8.075999999999999e-09 71653.11414223554 34815.60781762425 36837.50632461129 32511.484799001588 24029.37038006217 46841529.01511504 46886760.973369166 0.001529692041417226 0.000742546661250473
8.716e-09 42860.87394438914 26424.727576610603 16436.146367778536 28101.96091695404 18934.73119971362 46699778.83750828 46744979.711289406 0.0009177960797956538 0.0005652955192154838
9.356e-09 28334.87644859065 34017.7947354376 -5682.918286846951 20253.882190228665 24854.121875845747 46567478.67174199 46609628.363443896 0.0006084691990374987 0.0007298447966626115
9.995999999999999e-09 31960.49164005809 58228.41791634831 -26267.92627629022 22327.728523301044 31066.174537806826 46435178.50597568 46471152.1751363 0.0006882818731050025 0.0012530013823823926
1.0636e-08 2053460.3780066057 2037279.9374327941 16180.440573811531 33805.45559924997 33805.45559924997 46302878.34020939 46319058.7807832 0.04434843905207902 0.0439836212362333
1.1276e-08 1903427.2772514357 1872183.3403238563 31243.936927579343 35852.44098187372 35852.44098187372 46363509.34923782 46394753.2861654 0.04105442629274841 0.040353341869847355
1.1915999999999999e-08 1660827.37088485 1611304.3114531632 49523.059431686765 35174.72475182147 35174.72475182147 46505259.526844576 46554782.58627626 0.03571267826010428 0.034610929789373655
1.2556e-08 1403596.1334741088 1349440.3683490353 54155.76512507349 33885.21156306151 33885.21156306151 46656459.71629177 46710615.481416844 0.030083639907723066 0.02888937245722851
1.3195999999999998e-08 1133569.8162502565 1078663.980154655 54905.83609560155 35351.481305711575 35351.481305711575 46807659.90573898 46862565.74183458 0.024217613496018246 0.023017603989013414
1.3835999999999999e-08 870702.8483934741 818653.0613544177 52049.78703905642 35913.216901345164 35913.216901345164 46958860.095186174 47010909.88222523 0.018541822493743438 0.017414107989089347




mean_distanceLinear= 605484.3330043743

mean_distanceNonLinear= 581496.4191420722

mean(Δd)= 23987.913862302084

mean_distanceLinear/FreqLinear= 0.013000382038804423

mean_distanceNonLinear/FreqNonLinear= 0.012477661912624682

mean(Δdnormalised)= 0.0005227201261797411

mean_distanceLinear/mean_distanceNonLinear= 1.0418924739137916

0.8125 of the measurements are closer to the nonlinear function
