delay 	 Mean(distanceLineNet)	Mean(distanceNonLinNet)	Δd	STD(distanceLinNet)	STD(distanceNonLinNet)	OmegaLin	OmegaNonlin	 Mean(distanceLineNet)/OmegaLin	Mean(distanceNonLinNet)/OmegaNonlin
v=32									
									
4.236E-09	4050229.58593574	4050226.66068207	2.92525366321206	2953984.15790091	2953936.11878582				
4.336E-09	4162608.14648771	4093045.02427351	69563.1222142042	2943871.23243267	2908277.55156537				
4.436E-09	4031541.3706276	3941444.83880728	90096.5318203117	3108755.5165664	2980744.70115218				
4.636E-09	5355746.43989994	5103939.99398733	251806.445912605	3852475.07605567	3748762.36971237				
4.736E-09	4280074.08144831	4214490.65954866	65583.4218996512	3037609.25150385	3015311.16528398				
4.836E-09	4388273.86439363	4434287.16360552	-46013.2992118951	3302317.12896707	3315000.91342668				
4.935E-09	3944634.2655226	3922742.18660323	21892.0789193632	3035190.42262988	3037623.15389852				
5.036E-09	4275958.2070771	4171467.41287075	104490.794206352	3401463.33343787	3259277.75592579				
5.236E-09	5126037.91351608	4582906.20747685	543131.706039232	3478024.24544587	3398527.59411276				
5.336E-09	4417467.41715481	4075854.44700315	341612.970151653	3641162.98510362	3513057.72263326				
5.436E-09	4341148.64894571	4377622.18761619	-36473.538670483	3188234.82479912	3092508.75713989				
5.536E-09	4128373.19241421	4136099.90716457	-7726.71475035558	2921709.76428811	2926767.21915208				
5.636E-09	4779476.01355795	4762742.84245565	16733.1711022984	3826211.86392994	3753454.7413177				
5.736E-09	4916886.27829534	4704570.91177397	212315.366521367	3496858.75827534	3405558.43625196				
5.936E-09	5193476.46652318	5321983.85433052	-128507.387807349	3911754.79106736	3910973.35603043				
6.036E-09	4551565.71387019	4566977.79101919	-15412.0771489954	3235341.70129053	3202129.68336846				
6.136E-09	4118585.8111346	4112708.1062378	5877.70489680534	3178512.19469591	3238733.28113432				
6.236E-09	4692379.20784469	4654322.38140415	38056.826440542	3429711.4070333	3418819.31144851				
6.336E-09	4653011.87365376	4581112.43880899	71899.4348447733	3238196.54919434	3146356.14107946				
6.636E-09	4627760.34715423	4676097.49151522	-48337.1443609903	3705382.01018935	3877564.98226871				
6.736E-09	4389229.85125354	4478343.10111621	-89113.2498626746	3487879.27833364	3450058.35322465				
									
mean distanceLinear	4496403.08079576								
mean distanceNonLinear	4426808.83849051								
mean(Δd)	69594.2423052425								
									
0.70 of the measurements are closer to the nonlinear function 									
									
									
v=128									
									
4.236E-09	542832.768812096	455930.232893953	86902.5359181434	192061.64926586	189345.866600705				
4.536E-09	555669.873707531	385738.330154065	169931.543553466	185150.205768063	182078.839401321				
4.876E-09	765115.871659088	585463.363903878	179652.50775521	280998.365892738	280031.956144741				
5.036E-09	968368.217599642	801636.671809625	166731.545790017	327515.090400194	327515.090400194				
5.136E-09	793493.110016086	679645.318859913	113847.791156173	192990.820035871	192990.820035871				
5.236E-09	2188338.88193129	2054790.04823752	133548.833693773	211471.876119352	211471.876119352				
5.336E-09	906910.125840458	409178.336496334	497731.789344124	292519.456413114	252786.126966219				
5.436E-09	837960.355857434	403236.62322504	434723.732632393	286772.370443319	250694.898847476				
5.516E-09	817145.877547256	429842.766878124	387303.110669133	276591.248358906	243985.457410344				
5.636E-09	604587.531657208	311483.486566894	293104.045090314	267135.214355551	220702.798247208				
5.936E-09	230334.8893454	250430.074306169	-20095.1849607697	191662.417066599	184575.887849438				
6.196E-09	250757.642008246	303460.725817133	-52703.0838088867	190611.879918733	213789.805339883				
6.436E-09	483378.569232112	481179.488491276	2199.08074083627	262168.023433914	261870.261176751				
6.586E-09	8556138.99961827	8522654.71485524	33484.2847630307	24194950.7070947	24175672.1619445				
6.796E-09	223055.463005733	192646.918038098	30408.544967635	178237.378362411	151548.848186958				
7.036E-09	327969.886985705	263927.397891459	64042.4890942455	231894.620706296	206122.085040953				
7.236E-09	745046.422531665	574376.197732158	170670.224799507	257712.698856196	251384.239334671				
7.336E-09	525041.912301233	406775.4476197	118266.464681532	282231.67226127	253487.166334887				
7.436E-09	406799.060262636	304317.831132494	102481.229130141	253350.531414482	220398.394356537				
7.636E-09	512193.233959812	380022.900037122	132170.33392269	305544.917975312	258905.844877581				
7.836E-09	1627661.65462787	1116989.32147743	510672.333150446	260395.337488546	260395.337488546				
7.936E-09	1411672.8348647	931040.424248065	480632.410616637	269855.095122044	269855.095122044				
8.136E-09	1089037.16324965	730093.494971595	358943.668278057	253351.248458448	252387.706732111				
8.236E-09	949424.738517979	613039.520354846	336385.218163133	261018.433402522	261018.433402522				
8.436E-09	600058.230616254	383338.939965414	216719.29065084	236416.671894	224564.945613787				
8.536E-09	1092507.18429569	878579.212673369	213927.971622318	243181.142089333	243181.142089333				
8.716E-09	1001808.22539857	870854.224276691	130954.001121882	251571.299520953	247374.789251077				
9.036E-09	285250.656676351	278295.024794456	6955.63188189478	205739.938932124	203839.513312844				
9.236E-09	181067.73642848	200590.169378723	-19522.4329502428	122681.806024147	136560.540619385				
9.356E-09	281415.685906276	319388.461366238	-37972.7754599622	187658.78310247	198986.388115242				
9.536E-09	515791.46738895	638274.456526584	-122482.989137635	224628.63222301	230155.533263369				
9.736E-09	420212.782708932	539879.83431174	-119667.051602809	217590.666198174	221021.833846506				
9.996E-09	193831.057307064	312485.010413782	-118653.953106719	149655.567908909	197206.853364915				
1.0236E-08	880286.93348216	700629.531158616	179657.402323544	228206.184243963	228206.184243963				
1.0436E-08	6337899.06922806	6213083.31970854	124815.749519527	289133.782219678	289133.782219678				
1.0636E-08	6719691.87562191	6588260.38492134	131431.490700573	314773.129580113	314773.129580113				
1.0836E-08	839546.869144052	547810.884201285	291735.984942767	299743.295909036	285813.023383868				
1.1036E-08	440602.233094827	305144.278958838	135457.954135989	252041.754430883	210540.622022674				
1.1236E-08	238971.476014717	217572.162870343	21399.3131443739	176167.053534481	165844.612074675				
1.1276E-08	550191.964180641	445889.722471271	104302.241709371	295283.073528083	276612.024663158				
1.1436E-08	19551788.4738572	19343646.1983403	208142.275516842	33633400.6817538	33633400.6817538				
1.1636E-08	517158.996518468	500549.129726383	16609.8667920855	306535.912198002	303339.585434656				
1.1916E-08	264759.513128462	277339.715109904	-12580.2019814417	191404.727035604	199736.400331503				
1.2136E-08	256040.857890008	252053.24889349	3987.60899651828	193226.799343725	190753.851537591				
1.2336E-08	220099.263866	267662.168389557	-47562.9045235577	159290.735121949	179027.819582074				
1.2556E-08	262674.702089838	300275.384206279	-37600.6821164411	213471.458385754	227880.122923046				
1.2736E-08	309548.79007367	278492.08840287	31056.7016707996	245618.082797999	215094.030724266				
1.2936E-08	1359019.55804855	846064.229020123	512955.329028428	271089.316615976	271089.316615976				
1.3196E-08	766623.599923478	409026.424008385	357597.175915093	303240.49370917	254210.462911365				
1.3336E-08	679064.491017918	356745.744352905	322318.746665013	259485.791405817	224709.634755253				
1.3436E-08	465657.827888315	252972.649961605	212685.17792671	255124.554476329	190748.190033206				
1.3536E-08	453050.266423529	246551.832839965	206498.433583564	234990.888282191	166960.504478116				
1.3636E-08	510529.787358082	320467.098598834	190062.688759248	263471.377556416	219844.718583597				
1.3836E-08	411967.28329167	307017.442046174	104949.841245495	250451.966197772	221861.934485996				
1.4036E-08	390742.949701614	318796.555744455	71946.3939571587	246084.967527415	219930.626155274				
									
									
mean distanceLinear	1333032.63443107								
mean distanceNonLinear	1187375.18479339								
mean(Δd)	145657.449637677								
									
0.82 of the measurements are closer to the nonlinear function 									
									
									
									
v=512									
									
4.236E-09	65049.0308590669	76379.8612877696	-11330.8304287027	33550.9109694897	34307.471172672	47673130.05707465	47231996.518081345	0.0013644799655736831	0.0016171211661258039				
4.876E-09	76907.1853140048	72934.5610646693	3972.62424933551	31918.0746088731	31717.9579815907				
5.51596E-09	88668.5783223052	71252.6953959357	17415.8829263695	32235.8717700953	31866.1149137832				
6.196E-09	78798.0703419852	59756.6096549033	19041.4606870819	31429.304728096	30032.0686680388				
6.796E-09	93568.5311306494	57725.0993861632	35843.4317444862	32456.4797052695	31121.3846120208				
7.436E-09	84364.7516659737	44882.3323697706	39482.4192962031	33331.7664344922	29379.485662502				
8.0769E-09	71653.1141422355	34815.6078176242	36837.5063246113	32511.4847990016	24029.3703800622				
8.716E-09	42860.8739443891	26424.7275766106	16436.1463677785	28101.960916954	18934.7311997136				
9.356E-09	28334.8764485907	34017.7947354376	-5682.91828684695	20253.8821902287	24854.1218758457				
9.996E-09	31960.4916400581	58228.4179163483	-26267.9262762902	22327.728523301	31066.1745378068				
1.0636E-08	200764.479907991	47406.8288782495	153357.651029742	33805.45559925	29444.8794029954				
1.1276E-08	148416.394027972	32484.4882136164	115931.905814356	35852.4409818737	25131.1709701566				
1.1916E-08	107600.322562473	30098.6116400332	77501.7109224399	34915.7602522512	22460.2761173524				
1.2556E-08	72348.1309573698	26844.4751962708	45503.655761099	32691.5620768544	20778.3171484364				
1.3196E-08	59680.6977209537	28080.9094312864	31599.7882896673	33007.3920657715	21554.31260966				
1.3836E-08	36792.2566301229	28680.2478132126	8112.00881691036	27084.1556988282	21624.7518338744				
	


4.236e-09 65049.03085906694 505472.06424871244 -440423.0333896455 33550.91096948967 34894.04262257315 47673130.05707465 47231996.518081345 0.0013644799655736831 0.010701899168187983
4.876e-09 76907.18531400479 244548.5706559135 -167641.38534190872 31918.074608873096 32341.808641721487 47531379.8794679 47363561.264197364 0.0016180297207661406 0.005163221770673111
5.516e-09 88668.57832230523 32224.32331824498 56444.25500406025 32235.871770095328 22861.856423884718 47389629.70186114 47501128.95663162 0.0018710544665602848 0.0006783906830438848
6.196e-09 78798.07034198519 317851.22902524436 -239053.15868325916 31429.304728096027 31880.370655881037 47247879.5242544 47644347.41215138 0.0016677588737402428 0.006671331360164217
6.796e-09 93568.53113064938 550993.0786012583 -457424.54747060896 32456.47970526952 32464.048382961002 47115579.3584881 47760138.34250043 0.0019859361256860477 0.011536672583524423
7.436e-09 84364.75166597366 832117.5477433384 -747752.7960773647 33331.766434492216 33572.15701315519 46973829.180881344 47890216.10770623 0.0017959947727725519 0.017375522922508563
8.076e-09 71653.11414223554 1105209.0044377053 -1033555.8902954697 32511.484799001588 33338.346508228984 46841529.01511504 48018010.17443958 0.001529692041417226 0.023016551506876436
8.716e-09 42860.87394438914 1403890.7366302882 -1361029.862685899 28101.96091695404 32084.24509108767 46699778.83750828 48143636.759923786 0.0009177960797956538 0.029160462962759166
9.356e-09 28334.87644859065 1685313.997676264 -1656979.1212276735 20253.882190228665 31708.680394972893 46567478.67174199 48267202.54640392 0.0006084691990374987 0.03491633881321398
9.996e-09 31960.49164005809 1975053.3305443248 -1943092.8389042667 22327.728523301044 32571.812156945976 46435178.50597568 48388805.741689235 0.0006882818731050025 0.04081632725320029
1.0636e-08 2053460.3780066057 47406.82887824946 2006053.5491283562 33805.45559924997 29444.879402995437 46302878.34020939 48400741.41542096 0.04434843905207902 0.0009794649315670435
1.1276e-08 1903427.2772514357 32484.488213616416 1870942.7890378193 35852.44098187372 25131.170970156625 46363509.34923782 48286972.100141585 0.04105442629274841 0.0006727381486303874
1.1916e-08 1660827.37088485 30098.61164003317 1630728.7592448168 35174.72475182147 22460.27611735241 46505259.526844576 48179244.753351025 0.03571267826010428 0.0006247215329779471
1.2556e-08 1403596.1334741088 26844.475196270756 1376751.658277838 33885.21156306151 20778.31714843645 46656459.71629177 48062094.66054934 0.030083639907723066 0.0005585373543510042
1.3196e-08 1133569.8162502565 28080.909431286364 1105488.90681897 35351.481305711575 21554.312609659963 46807659.90573898 47943073.26099207 0.024217613496018246 0.0005857135874127167
1.3836e-08 870702.8483934741 28680.247813212587 842022.6005802616 35913.216901345164 21624.751833874438 46958860.095186174 47830216.67005217 0.018541822493743438 0.0005996261319713002



								
mean distanceLinear	80485.4866010088								
mean distanceNonLinear	45625.8292736188								
mean(Δd)	34859.65732739								
									
0.8125 of the measurements are closer to the nonlinear function 									
