Vcoarse	Vfine	Vo_N.pnmx[::,0][0, ::]
-1.00000000000000000E0	-1.00000000000000000E0	-1.21549103904727707E2
-1.00000000000000000E0	-7.50000000000000000E-1	-1.21734557959249967E2
-1.00000000000000000E0	-5.00000000000000000E-1	-1.21896974316662088E2
-1.00000000000000000E0	-2.50000000000000000E-1	-1.22053449111953349E2
-1.00000000000000000E0	0.00000000000000000E0	-1.22013162133059860E2
-1.00000000000000000E0	2.50000000000000000E-1	-1.21431869681680604E2
-1.00000000000000000E0	5.00000000000000000E-1	-1.21346348208314891E2
-1.00000000000000000E0	7.50000000000000000E-1	-1.24979049334647585E2
-1.00000000000000000E0	1.00000000000000000E0	-1.25893728107591274E2
-1.00000000000000000E0	1.25000000000000000E0	-1.20329162298322889E2
-1.00000000000000000E0	1.50000000000000000E0	-1.15769470147610365E2
-1.00000000000000000E0	1.75000000000000000E0	-1.14004646361163364E2
-1.00000000000000000E0	2.00000000000000000E0	-1.13264078143886127E2
-1.00000000000000000E0	2.25000000000000000E0	-1.12443641083247226E2
-1.00000000000000000E0	2.50000000000000000E0	-1.12205155101652632E2
-1.00000000000000000E0	2.75000000000000000E0	-1.12280561540678803E2
-1.00000000000000000E0	3.00000000000000000E0	-1.12417875136957179E2
-1.00000000000000000E0	3.25000000000000000E0	-1.12454356223475438E2
-1.00000000000000000E0	3.50000000000000000E0	-1.12458029000214710E2
-1.00000000000000000E0	3.75000000000000000E0	-1.12462896853739891E2
-1.00000000000000000E0	4.00000000000000000E0	-1.12503191046038520E2

Vcoarse	Vfine	Vo_N.pnmx[::,0][1, ::]
-5.00000000000000000E-1	-1.00000000000000000E0	-1.21674687660749314E2
-5.00000000000000000E-1	-7.50000000000000000E-1	-1.21480601776391595E2
-5.00000000000000000E-1	-5.00000000000000000E-1	-1.21315654630480196E2
-5.00000000000000000E-1	-2.50000000000000000E-1	-1.21249254012293917E2
-5.00000000000000000E-1	0.00000000000000000E0	-1.21540571278455456E2
-5.00000000000000000E-1	2.50000000000000000E-1	-1.22607508814344812E2
-5.00000000000000000E-1	5.00000000000000000E-1	-1.25229921614409978E2
-5.00000000000000000E-1	7.50000000000000000E-1	-1.26888565773251027E2
-5.00000000000000000E-1	1.00000000000000000E0	-1.23888339071946940E2
-5.00000000000000000E-1	1.25000000000000000E0	-1.17591348830988296E2
-5.00000000000000000E-1	1.50000000000000000E0	-1.14488948791381340E2
-5.00000000000000000E-1	1.75000000000000000E0	-1.12917996369745310E2
-5.00000000000000000E-1	2.00000000000000000E0	-1.12077395574573857E2
-5.00000000000000000E-1	2.25000000000000000E0	-1.12440207993384256E2
-5.00000000000000000E-1	2.50000000000000000E0	-1.13229845620169001E2
-5.00000000000000000E-1	2.75000000000000000E0	-1.14058298698279015E2
-5.00000000000000000E-1	3.00000000000000000E0	-1.14589835669564488E2
-5.00000000000000000E-1	3.25000000000000000E0	-1.14640377823400064E2
-5.00000000000000000E-1	3.50000000000000000E0	-1.14665253181010818E2
-5.00000000000000000E-1	3.75000000000000000E0	-1.14664553495863863E2
-5.00000000000000000E-1	4.00000000000000000E0	-1.14706047819565682E2

Vcoarse	Vfine	Vo_N.pnmx[::,0][2, ::]
0.00000000000000000E0	-1.00000000000000000E0	-1.26076969286136853E2
0.00000000000000000E0	-7.50000000000000000E-1	-1.26369513002311762E2
0.00000000000000000E0	-5.00000000000000000E-1	-1.26642206652436551E2
0.00000000000000000E0	-2.50000000000000000E-1	-1.26505605366232721E2
0.00000000000000000E0	0.00000000000000000E0	-1.26844470362157402E2
0.00000000000000000E0	2.50000000000000000E-1	-1.26232439612706981E2
0.00000000000000000E0	5.00000000000000000E-1	-1.25265691993013006E2
0.00000000000000000E0	7.50000000000000000E-1	-1.23494528489463518E2
0.00000000000000000E0	1.00000000000000000E0	-1.18824198204949671E2
0.00000000000000000E0	1.25000000000000000E0	-1.14675811465851218E2
0.00000000000000000E0	1.50000000000000000E0	-1.11857583570679675E2
0.00000000000000000E0	1.75000000000000000E0	-1.12860848858441742E2
0.00000000000000000E0	2.00000000000000000E0	-1.15285667894888832E2
0.00000000000000000E0	2.25000000000000000E0	-1.17931628574221681E2
0.00000000000000000E0	2.50000000000000000E0	-1.20207814968883508E2
0.00000000000000000E0	2.75000000000000000E0	-1.21791132284402615E2
0.00000000000000000E0	3.00000000000000000E0	-1.22412824821654853E2
0.00000000000000000E0	3.25000000000000000E0	-1.22515397823674332E2
0.00000000000000000E0	3.50000000000000000E0	-1.22523820645334824E2
0.00000000000000000E0	3.75000000000000000E0	-1.22512915039531389E2
0.00000000000000000E0	4.00000000000000000E0	-1.22607278192167923E2

Vcoarse	Vfine	Vo_N.pnmx[::,0][3, ::]
5.00000000000000000E-1	-1.00000000000000000E0	-1.19410245162055650E2
5.00000000000000000E-1	-7.50000000000000000E-1	-1.19038927649031057E2
5.00000000000000000E-1	-5.00000000000000000E-1	-1.18503029892845069E2
5.00000000000000000E-1	-2.50000000000000000E-1	-1.17983217477796165E2
5.00000000000000000E-1	0.00000000000000000E0	-1.17234811925150151E2
5.00000000000000000E-1	2.50000000000000000E-1	-1.16269245269726840E2
5.00000000000000000E-1	5.00000000000000000E-1	-1.15088136061616364E2
5.00000000000000000E-1	7.50000000000000000E-1	-1.13722735385170171E2
5.00000000000000000E-1	1.00000000000000000E0	-1.11819937440360873E2
5.00000000000000000E-1	1.25000000000000000E0	-1.13568615276573892E2
5.00000000000000000E-1	1.50000000000000000E0	-1.20062492180186697E2
5.00000000000000000E-1	1.75000000000000000E0	-1.20388958292557424E2
5.00000000000000000E-1	2.00000000000000000E0	-1.20413536521114350E2
5.00000000000000000E-1	2.25000000000000000E0	-1.21702160378510671E2
5.00000000000000000E-1	2.50000000000000000E0	-1.23695337339481481E2
5.00000000000000000E-1	2.75000000000000000E0	-1.25925386163260766E2
5.00000000000000000E-1	3.00000000000000000E0	-1.27305022104084142E2
5.00000000000000000E-1	3.25000000000000000E0	-1.27072011472580426E2
5.00000000000000000E-1	3.50000000000000000E0	-1.27151099884659713E2
5.00000000000000000E-1	3.75000000000000000E0	-1.27116018648852735E2
5.00000000000000000E-1	4.00000000000000000E0	-1.27663776070820401E2

Vcoarse	Vfine	Vo_N.pnmx[::,0][4, ::]
1.00000000000000000E0	-1.00000000000000000E0	-1.19977740116469311E2
1.00000000000000000E0	-7.50000000000000000E-1	-1.20390622709884987E2
1.00000000000000000E0	-5.00000000000000000E-1	-1.20796519999617247E2
1.00000000000000000E0	-2.50000000000000000E-1	-1.21168999679288758E2
1.00000000000000000E0	0.00000000000000000E0	-1.21643798218495980E2
1.00000000000000000E0	2.50000000000000000E-1	-1.21971275869891160E2
1.00000000000000000E0	5.00000000000000000E-1	-1.21871441430782612E2
1.00000000000000000E0	7.50000000000000000E-1	-1.20089351384324283E2
1.00000000000000000E0	1.00000000000000000E0	-1.15057608623116114E2
1.00000000000000000E0	1.25000000000000000E0	-1.22440236749724773E2
1.00000000000000000E0	1.50000000000000000E0	-1.16871672060580023E2
1.00000000000000000E0	1.75000000000000000E0	-1.19503615509766470E2
1.00000000000000000E0	2.00000000000000000E0	-1.29599095958404464E2
1.00000000000000000E0	2.25000000000000000E0	-9.35032615459238592E1
1.00000000000000000E0	2.50000000000000000E0	-1.34319924008197122E2
1.00000000000000000E0	2.75000000000000000E0	-1.26377834462868410E2
1.00000000000000000E0	3.00000000000000000E0	-1.18104425368848664E2
1.00000000000000000E0	3.25000000000000000E0	-1.12566051672119172E2
1.00000000000000000E0	3.50000000000000000E0	-1.21461189724369500E2
1.00000000000000000E0	3.75000000000000000E0	-1.13849402332712346E2
1.00000000000000000E0	4.00000000000000000E0	-1.18864697060611335E2

Vcoarse	Vfine	Vo_N.pnmx[::,0][5, ::]
1.50000000000000000E0	-1.00000000000000000E0	-1.31122741045899471E2
1.50000000000000000E0	-7.50000000000000000E-1	-1.30504122194374128E2
1.50000000000000000E0	-5.00000000000000000E-1	-1.30117887888500272E2
1.50000000000000000E0	-2.50000000000000000E-1	-1.29296296573689529E2
1.50000000000000000E0	0.00000000000000000E0	-1.28400617983532284E2
1.50000000000000000E0	2.50000000000000000E-1	-1.27738530158337826E2
1.50000000000000000E0	5.00000000000000000E-1	-1.26436076686133680E2
1.50000000000000000E0	7.50000000000000000E-1	-1.24199527011548749E2
1.50000000000000000E0	1.00000000000000000E0	-1.21257865903319351E2
1.50000000000000000E0	1.25000000000000000E0	-1.17212005203100600E2
1.50000000000000000E0	1.50000000000000000E0	-1.16540006124323181E2
1.50000000000000000E0	1.75000000000000000E0	-1.16109178958270043E2
1.50000000000000000E0	2.00000000000000000E0	-1.15761442150346694E2
1.50000000000000000E0	2.25000000000000000E0	-1.15760756801172415E2
1.50000000000000000E0	2.50000000000000000E0	-1.15977037065627675E2
1.50000000000000000E0	2.75000000000000000E0	-1.16262996344464931E2
1.50000000000000000E0	3.00000000000000000E0	-1.16453767568346667E2
1.50000000000000000E0	3.25000000000000000E0	-1.16496173266356573E2
1.50000000000000000E0	3.50000000000000000E0	-1.16503639855584606E2
1.50000000000000000E0	3.75000000000000000E0	-1.16507662819841906E2
1.50000000000000000E0	4.00000000000000000E0	-1.16514938150955372E2

Vcoarse	Vfine	Vo_N.pnmx[::,0][6, ::]
2.00000000000000000E0	-1.00000000000000000E0	-1.15295552201510709E2
2.00000000000000000E0	-7.50000000000000000E-1	-1.15245257900966691E2
2.00000000000000000E0	-5.00000000000000000E-1	-1.15204171136628331E2
2.00000000000000000E0	-2.50000000000000000E-1	-1.15140370584958429E2
2.00000000000000000E0	0.00000000000000000E0	-1.15071667970376024E2
2.00000000000000000E0	2.50000000000000000E-1	-1.14980322151592818E2
2.00000000000000000E0	5.00000000000000000E-1	-1.14940653493562150E2
2.00000000000000000E0	7.50000000000000000E-1	-1.15419922827291144E2
2.00000000000000000E0	1.00000000000000000E0	-1.17944746429847536E2
2.00000000000000000E0	1.25000000000000000E0	-1.21140979791869552E2
2.00000000000000000E0	1.50000000000000000E0	-1.19933972499243113E2
2.00000000000000000E0	1.75000000000000000E0	-1.19234533185619340E2
2.00000000000000000E0	2.00000000000000000E0	-1.18723425443532582E2
2.00000000000000000E0	2.25000000000000000E0	-1.18544264823606516E2
2.00000000000000000E0	2.50000000000000000E0	-1.18485867014643054E2
2.00000000000000000E0	2.75000000000000000E0	-1.18454142888016389E2
2.00000000000000000E0	3.00000000000000000E0	-1.18425204970505460E2
2.00000000000000000E0	3.25000000000000000E0	-1.18425985514231380E2
2.00000000000000000E0	3.50000000000000000E0	-1.18424543237119595E2
2.00000000000000000E0	3.75000000000000000E0	-1.18424050801135272E2
2.00000000000000000E0	4.00000000000000000E0	-1.18422956573378624E2

Vcoarse	Vfine	Vo_N.pnmx[::,0][7, ::]
2.50000000000000000E0	-1.00000000000000000E0	-1.17833724856907773E2
2.50000000000000000E0	-7.50000000000000000E-1	-1.17984765907954081E2
2.50000000000000000E0	-5.00000000000000000E-1	-1.18167766749139291E2
2.50000000000000000E0	-2.50000000000000000E-1	-1.18395284887286945E2
2.50000000000000000E0	0.00000000000000000E0	-1.18717980913738219E2
2.50000000000000000E0	2.50000000000000000E-1	-1.19166238458820106E2
2.50000000000000000E0	5.00000000000000000E-1	-1.19727334356216408E2
2.50000000000000000E0	7.50000000000000000E-1	-1.19938714972242066E2
2.50000000000000000E0	1.00000000000000000E0	-1.19660793994312686E2
2.50000000000000000E0	1.25000000000000000E0	-1.18741666997241646E2
2.50000000000000000E0	1.50000000000000000E0	-1.18357645821631174E2
2.50000000000000000E0	1.75000000000000000E0	-1.17731118617253694E2
2.50000000000000000E0	2.00000000000000000E0	-1.17418623751361273E2
2.50000000000000000E0	2.25000000000000000E0	-1.17282107401369262E2
2.50000000000000000E0	2.50000000000000000E0	-1.17147559709575222E2
2.50000000000000000E0	2.75000000000000000E0	-1.17053771382097738E2
2.50000000000000000E0	3.00000000000000000E0	-1.17002610708550359E2
2.50000000000000000E0	3.25000000000000000E0	-1.16991199067274221E2
2.50000000000000000E0	3.50000000000000000E0	-1.16987622075126030E2
2.50000000000000000E0	3.75000000000000000E0	-1.16986610896296717E2
2.50000000000000000E0	4.00000000000000000E0	-1.16983700625295972E2

Vcoarse	Vfine	Vo_N.pnmx[::,0][8, ::]
3.00000000000000000E0	-1.00000000000000000E0	-1.19634898636109854E2
3.00000000000000000E0	-7.50000000000000000E-1	-1.19651767331748471E2
3.00000000000000000E0	-5.00000000000000000E-1	-1.19675897665904496E2
3.00000000000000000E0	-2.50000000000000000E-1	-1.19659081451653959E2
3.00000000000000000E0	0.00000000000000000E0	-1.19628459512727980E2
3.00000000000000000E0	2.50000000000000000E-1	-1.19560586396881474E2
3.00000000000000000E0	5.00000000000000000E-1	-1.19454827885028947E2
3.00000000000000000E0	7.50000000000000000E-1	-1.19269263204604736E2
3.00000000000000000E0	1.00000000000000000E0	-1.18576999887990575E2
3.00000000000000000E0	1.25000000000000000E0	-1.18309301286145230E2
3.00000000000000000E0	1.50000000000000000E0	-1.17500750085468586E2
3.00000000000000000E0	1.75000000000000000E0	-1.17146804291340567E2
3.00000000000000000E0	2.00000000000000000E0	-1.16867133937686862E2
3.00000000000000000E0	2.25000000000000000E0	-1.16672708891572685E2
3.00000000000000000E0	2.50000000000000000E0	-1.16517418516147431E2
3.00000000000000000E0	2.75000000000000000E0	-1.16402879876218535E2
3.00000000000000000E0	3.00000000000000000E0	-1.16342813638321774E2
3.00000000000000000E0	3.25000000000000000E0	-1.16327272837970552E2
3.00000000000000000E0	3.50000000000000000E0	-1.16323801726132081E2
3.00000000000000000E0	3.75000000000000000E0	-1.16323078409126501E2
3.00000000000000000E0	4.00000000000000000E0	-1.16323976581491828E2

Vcoarse	Vfine	Vo_N.pnmx[::,0][9, ::]
3.50000000000000000E0	-1.00000000000000000E0	-1.19655231821289920E2
3.50000000000000000E0	-7.50000000000000000E-1	-1.19664872007205281E2
3.50000000000000000E0	-5.00000000000000000E-1	-1.19656165905390433E2
3.50000000000000000E0	-2.50000000000000000E-1	-1.19621353930307306E2
3.50000000000000000E0	0.00000000000000000E0	-1.19573053750347036E2
3.50000000000000000E0	2.50000000000000000E-1	-1.19498733017376235E2
3.50000000000000000E0	5.00000000000000000E-1	-1.19401288735584199E2
3.50000000000000000E0	7.50000000000000000E-1	-1.19206850022646682E2
3.50000000000000000E0	1.00000000000000000E0	-1.18477670360553944E2
3.50000000000000000E0	1.25000000000000000E0	-1.18243055075330084E2
3.50000000000000000E0	1.50000000000000000E0	-1.17468188851916122E2
3.50000000000000000E0	1.75000000000000000E0	-1.17078483013808698E2
3.50000000000000000E0	2.00000000000000000E0	-1.16798523411285315E2
3.50000000000000000E0	2.25000000000000000E0	-1.16592160323763805E2
3.50000000000000000E0	2.50000000000000000E0	-1.16433756312822623E2
3.50000000000000000E0	2.75000000000000000E0	-1.16319061717167793E2
3.50000000000000000E0	3.00000000000000000E0	-1.16261872138409728E2
3.50000000000000000E0	3.25000000000000000E0	-1.16246153139206454E2
3.50000000000000000E0	3.50000000000000000E0	-1.16244024705026128E2
3.50000000000000000E0	3.75000000000000000E0	-1.16243254098165272E2
3.50000000000000000E0	4.00000000000000000E0	-1.16243069958167800E2

Vcoarse	Vfine	Vo_N.pnmx[::,0][10, ::]
4.00000000000000000E0	-1.00000000000000000E0	-1.19654638387433465E2
4.00000000000000000E0	-7.50000000000000000E-1	-1.19664407256651550E2
4.00000000000000000E0	-5.00000000000000000E-1	-1.19654442413198825E2
4.00000000000000000E0	-2.50000000000000000E-1	-1.19619993343651077E2
4.00000000000000000E0	0.00000000000000000E0	-1.19571928054462018E2
4.00000000000000000E0	2.50000000000000000E-1	-1.19497650437896707E2
4.00000000000000000E0	5.00000000000000000E-1	-1.19396247793064458E2
4.00000000000000000E0	7.50000000000000000E-1	-1.19205953424143773E2
4.00000000000000000E0	1.00000000000000000E0	-1.18476802898716094E2
4.00000000000000000E0	1.25000000000000000E0	-1.18241659716441716E2
4.00000000000000000E0	1.50000000000000000E0	-1.17466393767072619E2
4.00000000000000000E0	1.75000000000000000E0	-1.17076684873547210E2
4.00000000000000000E0	2.00000000000000000E0	-1.16797005424182432E2
4.00000000000000000E0	2.25000000000000000E0	-1.16592838070513527E2
4.00000000000000000E0	2.50000000000000000E0	-1.16432979149009208E2
4.00000000000000000E0	2.75000000000000000E0	-1.16318138650950242E2
4.00000000000000000E0	3.00000000000000000E0	-1.16260733835601426E2
4.00000000000000000E0	3.25000000000000000E0	-1.16246051595912725E2
4.00000000000000000E0	3.50000000000000000E0	-1.16243184949625111E2
4.00000000000000000E0	3.75000000000000000E0	-1.16242475738985984E2
4.00000000000000000E0	4.00000000000000000E0	-1.16241971295825475E2


