Vcoarse	Vfine	dBm(HB.Vo_P[::,1])[0, ::]
-1.00000000000000000E0	-1.00000000000000000E0	9.55377715824145213E-1
-1.00000000000000000E0	-7.50000000000000000E-1	9.57711668810318884E-1
-1.00000000000000000E0	-5.00000000000000000E-1	9.60600875009196997E-1
-1.00000000000000000E0	-2.50000000000000000E-1	9.64149477930378751E-1
-1.00000000000000000E0	0.00000000000000000E0	9.68957075050612460E-1
-1.00000000000000000E0	2.50000000000000000E-1	9.76004796325772972E-1
-1.00000000000000000E0	5.00000000000000000E-1	9.87120848737944812E-1
-1.00000000000000000E0	7.50000000000000000E-1	1.00585592104462584E0
-1.00000000000000000E0	1.00000000000000000E0	1.03753670173458090E0
-1.00000000000000000E0	1.25000000000000000E0	1.08588351852952769E0
-1.00000000000000000E0	1.50000000000000000E0	1.13196596163664154E0
-1.00000000000000000E0	1.75000000000000000E0	1.16001183596467961E0
-1.00000000000000000E0	2.00000000000000000E0	1.17731389967300082E0
-1.00000000000000000E0	2.25000000000000000E0	1.18947486789653922E0
-1.00000000000000000E0	2.50000000000000000E0	1.19869667755325437E0
-1.00000000000000000E0	2.75000000000000000E0	1.20575758080129525E0
-1.00000000000000000E0	3.00000000000000000E0	1.20904811111136645E0
-1.00000000000000000E0	3.25000000000000000E0	1.20971118101133257E0
-1.00000000000000000E0	3.50000000000000000E0	1.20983747743204084E0
-1.00000000000000000E0	3.75000000000000000E0	1.20983739155444425E0
-1.00000000000000000E0	4.00000000000000000E0	1.20984647794880651E0

Vcoarse	Vfine	dBm(HB.Vo_P[::,1])[1, ::]
-5.00000000000000000E-1	-1.00000000000000000E0	9.74529160957173346E-1
-5.00000000000000000E-1	-7.50000000000000000E-1	9.76859538508227487E-1
-5.00000000000000000E-1	-5.00000000000000000E-1	9.79723290416597337E-1
-5.00000000000000000E-1	-2.50000000000000000E-1	9.83296312205968803E-1
-5.00000000000000000E-1	0.00000000000000000E0	9.88071179058806592E-1
-5.00000000000000000E-1	2.50000000000000000E-1	9.95088269634070599E-1
-5.00000000000000000E-1	5.00000000000000000E-1	1.00620221766089912E0
-5.00000000000000000E-1	7.50000000000000000E-1	1.02501444999627012E0
-5.00000000000000000E-1	1.00000000000000000E0	1.05678644424061119E0
-5.00000000000000000E-1	1.25000000000000000E0	1.10485972768840490E0
-5.00000000000000000E-1	1.50000000000000000E0	1.14983218195048842E0
-5.00000000000000000E-1	1.75000000000000000E0	1.17625347958933801E0
-5.00000000000000000E-1	2.00000000000000000E0	1.19290441324062790E0
-5.00000000000000000E-1	2.25000000000000000E0	1.20478510986094456E0
-5.00000000000000000E-1	2.50000000000000000E0	1.21395053349210791E0
-5.00000000000000000E-1	2.75000000000000000E0	1.22107814998361164E0
-5.00000000000000000E-1	3.00000000000000000E0	1.22444224641059840E0
-5.00000000000000000E-1	3.25000000000000000E0	1.22512575839691173E0
-5.00000000000000000E-1	3.50000000000000000E0	1.22525644744771256E0
-5.00000000000000000E-1	3.75000000000000000E0	1.22525693807276070E0
-5.00000000000000000E-1	4.00000000000000000E0	1.22526590266150848E0

Vcoarse	Vfine	dBm(HB.Vo_P[::,1])[2, ::]
0.00000000000000000E0	-1.00000000000000000E0	1.00669732117182598E0
0.00000000000000000E0	-7.50000000000000000E-1	1.00905567719544642E0
0.00000000000000000E0	-5.00000000000000000E-1	1.01195269955801415E0
0.00000000000000000E0	-2.50000000000000000E-1	1.01559698131964815E0
0.00000000000000000E0	0.00000000000000000E0	1.02040731305426391E0
0.00000000000000000E0	2.50000000000000000E-1	1.02747651720744138E0
0.00000000000000000E0	5.00000000000000000E-1	1.03867302324209021E0
0.00000000000000000E0	7.50000000000000000E-1	1.05756127963380209E0
0.00000000000000000E0	1.00000000000000000E0	1.08914866782724928E0
0.00000000000000000E0	1.25000000000000000E0	1.13618051247452989E0
0.00000000000000000E0	1.50000000000000000E0	1.17721303498001362E0
0.00000000000000000E0	1.75000000000000000E0	1.20190708415269043E0
0.00000000000000000E0	2.00000000000000000E0	1.21826120832920992E0
0.00000000000000000E0	2.25000000000000000E0	1.23048838352826628E0
0.00000000000000000E0	2.50000000000000000E0	1.24020620073330079E0
0.00000000000000000E0	2.75000000000000000E0	1.24786004797109484E0
0.00000000000000000E0	3.00000000000000000E0	1.25150202676839761E0
0.00000000000000000E0	3.25000000000000000E0	1.25224844233177102E0
0.00000000000000000E0	3.50000000000000000E0	1.25239120236823354E0
0.00000000000000000E0	3.75000000000000000E0	1.25239308358466594E0
0.00000000000000000E0	4.00000000000000000E0	1.25240213976088555E0

Vcoarse	Vfine	dBm(HB.Vo_P[::,1])[3, ::]
5.00000000000000000E-1	-1.00000000000000000E0	1.07600268034283530E0
5.00000000000000000E-1	-7.50000000000000000E-1	1.07835040340484944E0
5.00000000000000000E-1	-5.00000000000000000E-1	1.08124581567962252E0
5.00000000000000000E-1	-2.50000000000000000E-1	1.08490940061173013E0
5.00000000000000000E-1	0.00000000000000000E0	1.08964387743123048E0
5.00000000000000000E-1	2.50000000000000000E-1	1.09655048856945569E0
5.00000000000000000E-1	5.00000000000000000E-1	1.10739539105145646E0
5.00000000000000000E-1	7.50000000000000000E-1	1.12543141448636419E0
5.00000000000000000E-1	1.00000000000000000E0	1.15384144576548131E0
5.00000000000000000E-1	1.25000000000000000E0	1.19263638680034845E0
5.00000000000000000E-1	1.50000000000000000E0	1.23019981507063747E0
5.00000000000000000E-1	1.75000000000000000E0	1.25683989478924474E0
5.00000000000000000E-1	2.00000000000000000E0	1.27508193175199658E0
5.00000000000000000E-1	2.25000000000000000E0	1.28834527437393120E0
5.00000000000000000E-1	2.50000000000000000E0	1.29847504718303952E0
5.00000000000000000E-1	2.75000000000000000E0	1.30616066233832129E0
5.00000000000000000E-1	3.00000000000000000E0	1.30976137405328430E0
5.00000000000000000E-1	3.25000000000000000E0	1.31050313058669587E0
5.00000000000000000E-1	3.50000000000000000E0	1.31064297127395690E0
5.00000000000000000E-1	3.75000000000000000E0	1.31064476843974553E0
5.00000000000000000E-1	4.00000000000000000E0	1.31065372073216224E0

Vcoarse	Vfine	dBm(HB.Vo_P[::,1])[4, ::]
1.00000000000000000E0	-1.00000000000000000E0	1.23193790440870110E0
1.00000000000000000E0	-7.50000000000000000E-1	1.23394006839508030E0
1.00000000000000000E0	-5.00000000000000000E-1	1.23644834048357843E0
1.00000000000000000E0	-2.50000000000000000E-1	1.23973273499317926E0
1.00000000000000000E0	0.00000000000000000E0	1.24373469864550579E0
1.00000000000000000E0	2.50000000000000000E-1	1.24956915907915977E0
1.00000000000000000E0	5.00000000000000000E-1	1.25877890472920839E0
1.00000000000000000E0	7.50000000000000000E-1	1.27415067255883407E0
1.00000000000000000E0	1.00000000000000000E0	1.29860944946431367E0
1.00000000000000000E0	1.25000000000000000E0	1.32814940196833753E0
1.00000000000000000E0	1.50000000000000000E0	1.35678576534042605E0
1.00000000000000000E0	1.75000000000000000E0	1.38078197013830817E0
1.00000000000000000E0	2.00000000000000000E0	1.39842179802265143E0
1.00000000000000000E0	2.25000000000000000E0	1.41149000113530398E0
1.00000000000000000E0	2.50000000000000000E0	1.42146070166513105E0
1.00000000000000000E0	2.75000000000000000E0	1.42891741638134206E0
1.00000000000000000E0	3.00000000000000000E0	1.43248404110898520E0
1.00000000000000000E0	3.25000000000000000E0	1.43325380881865172E0
1.00000000000000000E0	3.50000000000000000E0	1.43339914739378393E0
1.00000000000000000E0	3.75000000000000000E0	1.43340722777629459E0
1.00000000000000000E0	4.00000000000000000E0	1.43342025216181312E0

Vcoarse	Vfine	dBm(HB.Vo_P[::,1])[5, ::]
1.50000000000000000E0	-1.00000000000000000E0	1.48503579896052429E0
1.50000000000000000E0	-7.50000000000000000E-1	1.48712807231973265E0
1.50000000000000000E0	-5.00000000000000000E-1	1.48972245609595078E0
1.50000000000000000E0	-2.50000000000000000E-1	1.49336588567154926E0
1.50000000000000000E0	0.00000000000000000E0	1.49786569033527961E0
1.50000000000000000E0	2.50000000000000000E-1	1.50444944865514607E0
1.50000000000000000E0	5.00000000000000000E-1	1.51490530077720997E0
1.50000000000000000E0	7.50000000000000000E-1	1.53238145923266700E0
1.50000000000000000E0	1.00000000000000000E0	1.55949189657357223E0
1.50000000000000000E0	1.25000000000000000E0	1.59607083793014404E0
1.50000000000000000E0	1.50000000000000000E0	1.63875699462231950E0
1.50000000000000000E0	1.75000000000000000E0	1.66851903458968387E0
1.50000000000000000E0	2.00000000000000000E0	1.68671630162294406E0
1.50000000000000000E0	2.25000000000000000E0	1.69851469713882253E0
1.50000000000000000E0	2.50000000000000000E0	1.70717892619124356E0
1.50000000000000000E0	2.75000000000000000E0	1.71371052324909101E0
1.50000000000000000E0	3.00000000000000000E0	1.71710848483493983E0
1.50000000000000000E0	3.25000000000000000E0	1.71793139383386162E0
1.50000000000000000E0	3.50000000000000000E0	1.71809773963631329E0
1.50000000000000000E0	3.75000000000000000E0	1.71811140818732788E0
1.50000000000000000E0	4.00000000000000000E0	1.71812641832459079E0

Vcoarse	Vfine	dBm(HB.Vo_P[::,1])[6, ::]
2.00000000000000000E0	-1.00000000000000000E0	1.65373361414708953E0
2.00000000000000000E0	-7.50000000000000000E-1	1.65593798067924425E0
2.00000000000000000E0	-5.00000000000000000E-1	1.65872499519289818E0
2.00000000000000000E0	-2.50000000000000000E-1	1.66257844291138568E0
2.00000000000000000E0	0.00000000000000000E0	1.66725146825238468E0
2.00000000000000000E0	2.50000000000000000E-1	1.67380358813508501E0
2.00000000000000000E0	5.00000000000000000E-1	1.68353148505644867E0
2.00000000000000000E0	7.50000000000000000E-1	1.69875408254542748E0
2.00000000000000000E0	1.00000000000000000E0	1.72522637130920486E0
2.00000000000000000E0	1.25000000000000000E0	1.77082291668086711E0
2.00000000000000000E0	1.50000000000000000E0	1.81176285952042093E0
2.00000000000000000E0	1.75000000000000000E0	1.83630784204956221E0
2.00000000000000000E0	2.00000000000000000E0	1.85442202682599522E0
2.00000000000000000E0	2.25000000000000000E0	1.86800036082754950E0
2.00000000000000000E0	2.50000000000000000E0	1.87851379022681186E0
2.00000000000000000E0	2.75000000000000000E0	1.88622607158867694E0
2.00000000000000000E0	3.00000000000000000E0	1.89018052010095161E0
2.00000000000000000E0	3.25000000000000000E0	1.89117589064899860E0
2.00000000000000000E0	3.50000000000000000E0	1.89136721887083326E0
2.00000000000000000E0	3.75000000000000000E0	1.89139529892170977E0
2.00000000000000000E0	4.00000000000000000E0	1.89140578961660211E0

Vcoarse	Vfine	dBm(HB.Vo_P[::,1])[7, ::]
2.50000000000000000E0	-1.00000000000000000E0	1.73599298350638875E0
2.50000000000000000E0	-7.50000000000000000E-1	1.73814631195887870E0
2.50000000000000000E0	-5.00000000000000000E-1	1.74089777977164140E0
2.50000000000000000E0	-2.50000000000000000E-1	1.74477253071957072E0
2.50000000000000000E0	0.00000000000000000E0	1.74961309823502553E0
2.50000000000000000E0	2.50000000000000000E-1	1.75667158689584113E0
2.50000000000000000E0	5.00000000000000000E-1	1.76786409932763355E0
2.50000000000000000E0	7.50000000000000000E-1	1.78615569207440394E0
2.50000000000000000E0	1.00000000000000000E0	1.81232657810018694E0
2.50000000000000000E0	1.25000000000000000E0	1.85296115926705518E0
2.50000000000000000E0	1.50000000000000000E0	1.89603859284930465E0
2.50000000000000000E0	1.75000000000000000E0	1.91866282600302185E0
2.50000000000000000E0	2.00000000000000000E0	1.93446813793803507E0
2.50000000000000000E0	2.25000000000000000E0	1.94688097235331448E0
2.50000000000000000E0	2.50000000000000000E0	1.95655540357606661E0
2.50000000000000000E0	2.75000000000000000E0	1.96376231685075631E0
2.50000000000000000E0	3.00000000000000000E0	1.96760807688549022E0
2.50000000000000000E0	3.25000000000000000E0	1.96862606092514980E0
2.50000000000000000E0	3.50000000000000000E0	1.96882117144089008E0
2.50000000000000000E0	3.75000000000000000E0	1.96885179782564279E0
2.50000000000000000E0	4.00000000000000000E0	1.96886035866986653E0

Vcoarse	Vfine	dBm(HB.Vo_P[::,1])[8, ::]
3.00000000000000000E0	-1.00000000000000000E0	1.78121567798779346E0
3.00000000000000000E0	-7.50000000000000000E-1	1.78333448245618165E0
3.00000000000000000E0	-5.00000000000000000E-1	1.78598641337119801E0
3.00000000000000000E0	-2.50000000000000000E-1	1.78965147746149889E0
3.00000000000000000E0	0.00000000000000000E0	1.79399766146152118E0
3.00000000000000000E0	2.50000000000000000E-1	1.79996565303621381E0
3.00000000000000000E0	5.00000000000000000E-1	1.80887777174524444E0
3.00000000000000000E0	7.50000000000000000E-1	1.82385630329007498E0
3.00000000000000000E0	1.00000000000000000E0	1.85225534265657998E0
3.00000000000000000E0	1.25000000000000000E0	1.89611606900702867E0
3.00000000000000000E0	1.50000000000000000E0	1.93112725069912372E0
3.00000000000000000E0	1.75000000000000000E0	1.95810473759401127E0
3.00000000000000000E0	2.00000000000000000E0	1.97544707343163850E0
3.00000000000000000E0	2.25000000000000000E0	1.98624144304313255E0
3.00000000000000000E0	2.50000000000000000E0	1.99351908157799507E0
3.00000000000000000E0	2.75000000000000000E0	1.99877629662724488E0
3.00000000000000000E0	3.00000000000000000E0	2.00168116619628478E0
3.00000000000000000E0	3.25000000000000000E0	2.00248091353641477E0
3.00000000000000000E0	3.50000000000000000E0	2.00263731485406815E0
3.00000000000000000E0	3.75000000000000000E0	2.00266360237770247E0
3.00000000000000000E0	4.00000000000000000E0	2.00268394058286603E0

Vcoarse	Vfine	dBm(HB.Vo_P[::,1])[9, ::]
3.50000000000000000E0	-1.00000000000000000E0	1.78538566647162256E0
3.50000000000000000E0	-7.50000000000000000E-1	1.78742667600669591E0
3.50000000000000000E0	-5.00000000000000000E-1	1.78999765419670354E0
3.50000000000000000E0	-2.50000000000000000E-1	1.79355089961755887E0
3.50000000000000000E0	0.00000000000000000E0	1.79775012618943819E0
3.50000000000000000E0	2.50000000000000000E-1	1.80355558406105132E0
3.50000000000000000E0	5.00000000000000000E-1	1.81239264629005170E0
3.50000000000000000E0	7.50000000000000000E-1	1.82767263984809070E0
3.50000000000000000E0	1.00000000000000000E0	1.85671358954684962E0
3.50000000000000000E0	1.25000000000000000E0	1.89985598663338351E0
3.50000000000000000E0	1.50000000000000000E0	1.93534618008947490E0
3.50000000000000000E0	1.75000000000000000E0	1.96262856502140615E0
3.50000000000000000E0	2.00000000000000000E0	1.97953268181671760E0
3.50000000000000000E0	2.25000000000000000E0	1.98970935806949711E0
3.50000000000000000E0	2.50000000000000000E0	1.99686639179658876E0
3.50000000000000000E0	2.75000000000000000E0	2.00223225622927004E0
3.50000000000000000E0	3.00000000000000000E0	2.00524685722197304E0
3.50000000000000000E0	3.25000000000000000E0	2.00608865947686876E0
3.50000000000000000E0	3.50000000000000000E0	2.00625210030539147E0
3.50000000000000000E0	3.75000000000000000E0	2.00627959881428009E0
3.50000000000000000E0	4.00000000000000000E0	2.00629050793775665E0

Vcoarse	Vfine	dBm(HB.Vo_P[::,1])[10, ::]
4.00000000000000000E0	-1.00000000000000000E0	1.78537203267778288E0
4.00000000000000000E0	-7.50000000000000000E-1	1.78740947050694388E0
4.00000000000000000E0	-5.00000000000000000E-1	1.78998242249947026E0
4.00000000000000000E0	-2.50000000000000000E-1	1.79353618687581751E0
4.00000000000000000E0	0.00000000000000000E0	1.79773945892867282E0
4.00000000000000000E0	2.50000000000000000E-1	1.80354706528396491E0
4.00000000000000000E0	5.00000000000000000E-1	1.81238267190903457E0
4.00000000000000000E0	7.50000000000000000E-1	1.82766619542921660E0
4.00000000000000000E0	1.00000000000000000E0	1.85670947776327289E0
4.00000000000000000E0	1.25000000000000000E0	1.89986455827483169E0
4.00000000000000000E0	1.50000000000000000E0	1.93535851091706590E0
4.00000000000000000E0	1.75000000000000000E0	1.96264602792367526E0
4.00000000000000000E0	2.00000000000000000E0	1.97955350042999179E0
4.00000000000000000E0	2.25000000000000000E0	1.98973143660014173E0
4.00000000000000000E0	2.50000000000000000E0	1.99688981910309238E0
4.00000000000000000E0	2.75000000000000000E0	2.00225690149633984E0
4.00000000000000000E0	3.00000000000000000E0	2.00527627888742188E0
4.00000000000000000E0	3.25000000000000000E0	2.00611396366383765E0
4.00000000000000000E0	3.50000000000000000E0	2.00627751801397913E0
4.00000000000000000E0	3.75000000000000000E0	2.00630489855038796E0
4.00000000000000000E0	4.00000000000000000E0	2.00631299503162630E0


